2005-11-01 12:00:00        0             0             0        -1.728             0      46.14929            32              0             0
2005-11-02 12:00:00        0             0             0        -1.728             0      80.22227            32              0             0
2005-11-03 12:00:00        0             0             0        -1.728             0      85.53418            32              0             0
2005-11-04 12:00:00        0             0             0        -1.728             0      79.74843            32              0             0
2005-11-05 12:00:00        0             0             0        -1.728             0      89.21166            32              0             0
2005-11-06 12:00:00        0             0             0        -1.728             0      81.07057            32              0             0
2005-11-07 12:00:00        0             0             0        -1.728             0      77.05577            32              0             0
2005-11-08 12:00:00        0             0             0        -1.728             0       42.9595            32              0             0
2005-11-09 12:00:00        0             0             0        -1.728             0      49.67184            32              0             0
2005-11-10 12:00:00        0             0             0        -1.728             0      42.73727            32              0             0
2005-11-11 12:00:00        0             0             0        -1.728             0      47.57495            32              0             0
2005-11-12 12:00:00        0             0             0        -1.728             0      43.91599            32              0             0
2005-11-13 12:00:00        1    0.01570929    0.08197974      -1.72808      21.33481      49.10112       13.2902  2.952639e-007             0
2005-11-14 12:00:00        1    0.05622352     0.1229308      -1.72795      31.99907      11.95842      3.933671  3.554623e-007             0
2005-11-15 12:00:00        1    0.07967165      0.122735      -1.72795      31.99907      4.588299      3.927407   2.46022e-007             0
2005-11-16 12:00:00        1    0.09784769    0.09752743     -2.155552      39.91764      11.26027      3.707248  1.165227e-007             0
2005-11-17 12:00:00        1    0.09594598    0.07832129     -2.330801      43.16297      11.15635      3.280887  1.949018e-008             0
2005-11-18 12:00:00        1    0.09914643    0.07360076     -2.261367      41.87716      10.04034      2.999908  4.337505e-009             0
2005-11-19 12:00:00        1    0.07777237    0.06518392     -2.413011      44.68539      8.061369      2.846424  6.725306e-008             0
2005-11-20 12:00:00        1    0.07541688    0.06183959     -2.465758      45.66219      6.129887      2.790083  9.301341e-008             0
2005-11-21 12:00:00        1    0.08623939    0.06355666     -2.361177      43.72551      6.795252      2.734914  6.972986e-008             0
2005-11-22 12:00:00        1      0.137126    0.06301443     -2.315635      42.88212      5.731675      2.619907  4.869068e-009 3.525562e-008
2005-11-23 12:00:00        1     0.1190619    0.05831828     -2.302798      42.64442        2.2492        2.4834  2.244496e-008             0
2005-11-24 12:00:00        1     0.1265687     0.0580757     -2.231278      41.31997         1.895      2.392065  2.930505e-008             0
2005-11-25 12:00:00        1    0.09128456    0.05444051     -2.307271      42.72724      1.796082      2.326033  4.477953e-008             0
2005-11-26 12:00:00        1    0.05593373    0.05487813     -2.396421      44.37816      2.509551       2.43561   1.14824e-007             0
2005-11-27 12:00:00        1    0.09493856    0.05534384     -2.492052      46.14911      2.374034      2.553997  9.465891e-008             0
2005-11-28 12:00:00        1     0.1531904    0.05604134     -2.405222      44.54115      1.435108      2.494831  3.928876e-008             0
2005-11-29 12:00:00        1      0.136791    0.05470929     -2.374433      43.97097       1.41843      2.403557  3.172815e-008             0
2005-11-30 12:00:00        1     0.1135817    0.05332607     -2.402346      44.48789      1.298064      2.372332  4.745285e-008             0
2005-12-01 12:00:00        1     0.1759194    0.05870807      -2.16642      40.11889       1.79767      2.339475  1.843922e-008 7.122937e-009
2005-12-02 12:00:00        1     0.1532007    0.05314067     -2.307593      42.73321      1.143389      2.269855   1.44489e-008             0
2005-12-03 12:00:00        1    0.09574616    0.05227558     -2.330477      43.15698     0.6788048       2.25605  4.261642e-008             0
2005-12-04 12:00:00        1    0.05958277    0.05345672     -2.409124       44.6134     0.6334884      2.385156  1.069394e-007             0
2005-12-05 12:00:00        1    0.06407493    0.05459234     -2.503308      46.35756      0.522845      2.530856  1.186907e-007             0
2005-12-06 12:00:00        1    0.07516786     0.0548661      -2.58077      47.79204     0.5373329      2.622131  1.165077e-007             0
2005-12-07 12:00:00        1    0.08769167    0.05445332     -2.634523      48.78746     0.4838686      2.656603  1.084839e-007             0
2005-12-08 12:00:00        1     0.1901103    0.05425312     -2.620593      48.52951     0.2263462      2.630797  6.287145e-008             0
2005-12-09 12:00:00        1     0.1474908     0.0553645     -2.467407      45.69272     0.1223496      2.529681  3.652211e-008             0
2005-12-10 12:00:00        1     0.2123239    0.05623783     -2.362177      43.74402     0.1782037      2.450393  3.010912e-008             0
2005-12-11 12:00:00        1     0.2430055    0.05812718     -2.176029      40.29683     0.1516508      2.338642  6.855416e-009             0
2005-12-12 12:00:00        1     0.1892801    0.05271592     -2.315823      42.88562     0.1896097       2.26074  7.212996e-009             0
2005-12-13 12:00:00        1     0.2094601    0.05386184     -2.236127      41.40976     0.1795203      2.227019  1.623693e-008             0
2005-12-14 12:00:00        1     0.2032493    0.05227218     -2.249764      41.66229      0.142037      2.177031  5.953285e-009             0
2005-12-15 12:00:00        1     0.1185397    0.05133388     -2.277586      42.17752     0.1504671      2.165132  2.192169e-008             0
2005-12-16 12:00:00        1    0.09995584    0.05137405     -2.299542       42.5841     0.1178306      2.187729  3.835633e-008             0
2005-12-17 12:00:00        1     0.1222636    0.05163796     -2.327424      43.10045    0.08650644      2.225623  4.330673e-008             0
2005-12-18 12:00:00        1     0.2284709    0.05577648     -2.158758        39.977     0.2807233      2.221763  1.967101e-008 2.566886e-007
2005-12-19 12:00:00        1     0.2427929    0.06181293     -1.905728      35.29127     0.3597223      2.180772 -4.042228e-009 3.003084e-007
2005-12-20 12:00:00        1     0.2576669    0.06018562     -1.933379      35.80331     0.4756904      2.143317 -1.378477e-008 2.607183e-008
2005-12-21 12:00:00        1      0.186341    0.05330522     -2.117273      39.20875      0.353377      2.087234 -7.733997e-009             0
2005-12-22 12:00:00        1    0.08892989    0.05169985     -2.177443      40.32301      0.491651      2.084704  2.697807e-008             0
2005-12-23 12:00:00        1     0.1208861    0.05169226     -2.197491      40.69427     0.2485066      2.103573  2.546161e-008             0
2005-12-24 12:00:00        1    0.08534183    0.05174791     -2.224803      41.20005    0.05825146      2.132041  3.880997e-008             0
2005-12-25 12:00:00        1     0.1125891    0.05201641     -2.257655      41.80843     0.0378533      2.174726  4.072142e-008             0
2005-12-26 12:00:00        1     0.1309216    0.05179397     -2.276679      42.16073    0.02553584      2.183661  2.877551e-008             0
2005-12-27 12:00:00        1    0.08260775    0.05186798     -2.308546      42.75084    0.03379561      2.217434  4.954278e-008             0
2005-12-28 12:00:00        1     0.1098301     0.0522218     -2.346527      43.45419    0.03503779      2.269262  5.334296e-008             0
2005-12-29 12:00:00        1     0.1902006    0.05193914     -2.363988      43.77755    0.02791665      2.273759  3.131346e-008             0
2005-12-30 12:00:00        1     0.2255273    0.05138935     -2.372103      43.92784    0.04048396       2.25742  1.925803e-008             0
2005-12-31 12:00:00        1     0.2269714    0.05416139     -2.214516      41.00956    0.03729332      2.219285  8.197367e-009             0
2006-01-01 12:00:00        1     0.1457433    0.05252825       -2.2366      41.41852    0.02326831      2.175629  1.207066e-008             0
2006-01-02 12:00:00        1     0.1037789    0.05194133     -2.251768      41.69941    0.01981775      2.165915   2.63119e-008             0
2006-01-03 12:00:00        1     0.1096899    0.05183753     -2.274721      42.12446    0.01881633      2.183626  3.568125e-008             0
2006-01-04 12:00:00        1     0.1226801    0.05179765     -2.298946      42.57307    0.01813498      2.205185  3.801151e-008             0
2006-01-05 12:00:00        1      0.261948    0.05153999     -2.308901      42.75743    0.01431286      2.203713   2.09037e-008             0
2006-01-06 12:00:00        1     0.2406205     0.0510297     -2.314283       42.8571    0.01300308      2.186979  9.229351e-009             0
2006-01-07 12:00:00        1     0.1655129    0.05072396     -2.323335      43.02472    0.01994942      2.182384  1.629079e-008             0
2006-01-08 12:00:00        1     0.2042261    0.05059523     -2.329111      43.13169      0.018768      2.182253  1.425257e-008             0
2006-01-09 12:00:00        1     0.1030502    0.05062299     -2.346148      43.44718    0.01606116       2.19944  3.084471e-008             0
2006-01-10 12:00:00        1     0.1054806    0.05115063     -2.373801      43.95928     0.0103219      2.248569  4.852924e-008             0
2006-01-11 12:00:00        1     0.1692833    0.05135369     -2.393562      44.32522    0.01205004      2.276261  3.871442e-008             0
2006-01-12 12:00:00        1     0.1944331    0.05110148     -2.404283      44.52376    0.01117643      2.275226  2.616085e-008             0
2006-01-13 12:00:00        1      0.175619     0.0508273     -2.413639      44.69702    0.01203232      2.271824  2.194885e-008             0
2006-01-14 12:00:00        1     0.1315941    0.05075158     -2.427722      44.95782    0.01092915      2.281682  3.090877e-008             0
2006-01-15 12:00:00        1     0.1157329    0.05095179     -2.447437      45.32291    0.01303959      2.309293  4.316114e-008             0
2006-01-16 12:00:00        1     0.1016225    0.05126804       -2.4732          45.8     0.0138826      2.348093  5.395306e-008             0
2006-01-17 12:00:00        1    0.09579441    0.05182329      -2.50914      46.46556   0.009469974      2.408032  7.089834e-008             0
2006-01-18 12:00:00        1     0.1306604    0.05199732     -2.536537      46.97292    0.01062161       2.44246  6.192215e-008             0
2006-01-19 12:00:00        1     0.1334856    0.05173373     -2.556424      47.34119   0.009396183      2.449128  5.296896e-008             0
2006-01-20 12:00:00        1     0.1472729    0.05152359     -2.573414      47.65582   0.007304817      2.455394  5.011285e-008             0
2006-01-21 12:00:00        1      0.147962    0.05130184     -2.588375      47.93288   0.006863618       2.45904  4.671407e-008             0
2006-01-22 12:00:00        1     0.1345028    0.05118951     -2.604653      48.23431   0.009964776       2.46909  4.948298e-008             0
2006-01-23 12:00:00        1     0.1098545    0.05130091     -2.626129      48.63202    0.01069512      2.494878  6.137331e-008             0
2006-01-24 12:00:00        1     0.1308574     0.0515163     -2.645975      48.99954    0.01171731      2.524275  6.490003e-008             0
2006-01-25 12:00:00        1     0.1203146     0.0515047     -2.665795      49.36657   0.008463208      2.542612  6.460119e-008             0
2006-01-26 12:00:00        1     0.1141609    0.05164207     -2.687832      49.77467   0.007089858      2.570476  7.273706e-008             0
2006-01-27 12:00:00        1     0.1886365    0.05161095     -2.699483      49.99042    0.00615197      2.580049  6.076942e-008             0
2006-01-28 12:00:00        1     0.1628927    0.05118303     -2.711488      50.21275    0.01005973      2.570033  4.819686e-008             0
2006-01-29 12:00:00        1     0.1492324    0.05105276     -2.724388      50.45163   0.008513512      2.575694  5.247656e-008             0
2006-01-30 12:00:00        1     0.1735306    0.05102033     -2.734408      50.63718   0.006493426      2.583524   5.22946e-008             0
2006-01-31 12:00:00        1     0.1554909    0.05089938     -2.745837      50.84883    0.00975158      2.588173  5.020978e-008             0
2006-02-01 12:00:00        1     0.1623493    0.05091374     -2.756419      51.04479    0.01104428      2.598881  5.297835e-008             0
2006-02-02 12:00:00        1     0.1750309    0.05087787     -2.765459       51.2122   0.008608902      2.605566  5.068419e-008             0
2006-02-03 12:00:00        1     0.1762863    0.05082029      -2.77482      51.38555   0.007705986      2.611429  4.942163e-008             0
2006-02-04 12:00:00        1     0.1717116    0.05076585     -2.784068      51.55682   0.009788307      2.617325  4.865415e-008             0
2006-02-05 12:00:00        1      0.177474    0.05074683     -2.792453      51.71209    0.01200774      2.624224  4.861319e-008             0
2006-02-06 12:00:00        1     0.1607026    0.05073439     -2.802686      51.90159    0.01099827      2.633196  5.084482e-008             0
2006-02-07 12:00:00        1     0.2338166    0.05079477     -2.807086      51.98307    0.01290017      2.640468  4.919806e-008             0
2006-02-08 12:00:00        1     0.3262239    0.05061728      -2.80817      52.00315    0.01314162      2.632255   3.49139e-008             0
2006-02-09 12:00:00        1     0.2915212    0.05038216     -2.814804      52.12601    0.01639747      2.626219  2.755283e-008             0
2006-02-10 12:00:00        1     0.2717961    0.05027113     -2.821199      52.24443    0.01732008      2.626387  2.635671e-008             0
2006-02-11 12:00:00        1     0.3836334    0.05025689     -2.821695      52.25362    0.01286869      2.626104  2.262178e-008             0
2006-02-12 12:00:00        1     0.2982372    0.05012333     -2.829429      52.39684   0.009382177      2.626303   1.98428e-008             0
2006-02-13 12:00:00        1     0.2758101    0.05010694     -2.835544      52.51007    0.01422503      2.631119  2.169932e-008             0
2006-02-14 12:00:00        1     0.2885088    0.05012573     -2.839945      52.59158    0.01574802      2.636192  2.273423e-008             0
2006-02-15 12:00:00        1     0.3365442    0.05014122     -2.842695       52.6425    0.01988497      2.639559  2.140168e-008             0
2006-02-16 12:00:00        1     0.2717036    0.05007889     -2.850242      52.78226    0.02186632      2.643276  2.115824e-008             0
2006-02-17 12:00:00        1     0.2189549     0.0500983     -2.858408      52.93349    0.02371694      2.651878  2.643125e-008             0
2006-02-18 12:00:00        1     0.1814996    0.05020038     -2.866965      53.09194     0.0230487      2.665237  3.554278e-008             0
2006-02-19 12:00:00        1     0.2047355    0.05036835      -2.87162      53.17815    0.01989113      2.678497  4.159538e-008             0
2006-02-20 12:00:00        1      0.194934    0.05041688     -2.878379      53.30331    0.01923422      2.687387  4.309147e-008             0
2006-02-21 12:00:00        1     0.2425332    0.05047593     -2.881399      53.35925    0.01563276      2.693358  4.197655e-008             0
2006-02-22 12:00:00        1      0.211933    0.05039424     -2.888578      53.49219    0.01880141      2.695698  3.917706e-008             0
2006-02-23 12:00:00        1     0.2408698    0.05042918     -2.893041      53.57484    0.02326924      2.701735  4.050589e-008             0
2006-02-24 12:00:00        1      0.453079    0.05044729     -2.888451      53.48983    0.02990204      2.698417  3.158765e-008 7.397252e-009
2006-02-25 12:00:00        1      0.497826    0.05026802     -2.890002      53.51856    0.03353883       2.69027  2.022245e-008             0
2006-02-26 12:00:00        1     0.3973225    0.05007425     -2.898797      53.68143    0.02709425      2.688056  1.546229e-008             0
2006-02-27 12:00:00        1     0.2769878    0.04999354     -2.908582      53.86264    0.02669229      2.692784  1.757715e-008             0
2006-02-28 12:00:00        1     0.3201726    0.05006826     -2.911461      53.91595    0.02653172      2.699477  2.077361e-008             0
2006-03-01 12:00:00        1     0.3170314    0.05006661     -2.915853      53.99728    0.03207819      2.703461  2.055664e-008             0
2006-03-02 12:00:00        1     0.3497981    0.05009044     -2.919384      54.06267     0.0348179      2.708023  2.099735e-008             0
2006-03-03 12:00:00        1     0.3857336    0.05008152     -2.922121      54.11335    0.03440936      2.710078  1.867618e-008             0
2006-03-04 12:00:00        1     0.3065912    0.05001712     -2.929959       54.2585    0.05576247      2.713853   1.86199e-008             0
2006-03-05 12:00:00        1      0.284979     0.0500448     -2.935838      54.36737    0.06648747      2.720804    2.1934e-008             0
2006-03-06 12:00:00        1     0.4560566    0.05016207     -2.932779      54.31072    0.06854476      2.724336  2.090391e-008             0
2006-03-07 12:00:00        1      0.471805    0.05007016     -2.936625      54.38194    0.05520451       2.72291   1.51586e-008             0
2006-03-08 12:00:00        1     0.4000807    0.04999273     -2.943883      54.51635    0.06823351      2.725421  1.360818e-008             0
2006-03-09 12:00:00        1     0.3951681    0.04999161     -2.948794       54.6073    0.07507907      2.729907  1.405089e-008             0
2006-03-10 12:00:00        1     0.4648495    0.05001657      -2.95068      54.64222     0.1855301      2.733016  1.295508e-008             0
2006-03-11 12:00:00        1     0.4839446     0.0500851     -2.303634      42.65989    0.06361514      2.136624  6.322803e-009             0
2006-03-12 12:00:00        1     0.4687648    0.05943921     -1.821681      33.73483    0.08444457      1.980699  2.451814e-009 1.724694e-008
2006-03-13 12:00:00        1     0.4588424    0.05783886       -1.5712       29.0963      0.422864      1.677625 -1.172181e-009 8.168089e-008
2006-03-14 12:00:00        1     0.4394041    0.05252958     -1.588264       29.4123     0.3478274      1.543233 -2.999171e-009 4.390721e-008
2006-03-15 12:00:00        1     0.4541599    0.05206429     -1.525112      28.24282     0.2819715       1.46872 -4.662679e-009 3.499433e-008
2006-03-16 12:00:00        1     0.4397188    0.05030184     -1.530703      28.34634    0.07144086       1.42583 -5.923962e-009             0
2006-03-17 12:00:00        1     0.3197371    0.04992375     -1.535194      28.42953    0.06943842      1.419308 -5.615845e-009             0
2006-03-18 12:00:00        1     0.3010634    0.04983059     -1.538578      28.49218    0.06848936      1.419781 -4.412771e-009             0
2006-03-19 12:00:00        1     0.2679146    0.04979928     -1.543121      28.57632    0.07112082      1.423079 -2.676222e-009             0
2006-03-20 12:00:00        1     0.2459999    0.04983401      -1.54785      28.66388    0.09368412      1.428436  -2.27721e-012             0
2006-03-21 12:00:00        1     0.2293999    0.04988512     -1.553183      28.76264     0.1043902      1.434828  2.894481e-009             0
2006-03-22 12:00:00        1     0.2061174    0.04994429     -1.560164      28.89193    0.08303005      1.442987  6.377081e-009             0
2006-03-23 12:00:00        1     0.1949545    0.05005408     -1.568368      29.04385    0.08403799      1.453765  1.058355e-008             0
2006-03-24 12:00:00        1     0.1986666     0.0501536     -1.576945      29.20269    0.08243437      1.464621   1.34606e-008             0
2006-03-25 12:00:00        1     0.2161465    0.05021733     -1.585101      29.35373     0.0860409      1.474066   1.44982e-008             0
2006-03-26 12:00:00        1     0.2286544    0.05019913     -1.592889      29.49795    0.08036125      1.480771   1.35707e-008             0
2006-03-27 12:00:00        1     0.2567788    0.05018272     -1.599173      29.61432    0.09295868      1.486126  1.200001e-008             0
2006-03-28 12:00:00        1     0.3379964    0.05018898     -1.600531      29.63945     0.3366647      1.487572  8.257309e-009 3.381901e-008
2006-03-29 12:00:00        1     0.4665441    0.05183665     -1.536556      28.45475      1.345155      1.473064  1.480825e-009 2.509098e-007
2006-03-30 12:00:00        1     0.4896803     0.0587813      -1.30288      24.12741      2.202402      1.408788 -4.638201e-009 2.347682e-007
2006-03-31 12:00:00        1     0.4573883    0.05456435     -1.317209      24.39276      1.261686      1.321276 -7.180562e-009 3.912181e-008
2006-04-01 12:00:00        1     0.3218448    0.05050907     -1.357092      25.13133     0.4895696      1.269361  -7.25021e-009 1.511044e-008
2006-04-02 12:00:00        1     0.3367635    0.05007114      -1.35695       25.1287     0.5838414      1.258219 -7.520033e-009 5.111401e-008
2006-04-03 12:00:00        1     0.2927961    0.04982648     -1.359777      25.18106     0.1163375      1.254682 -6.756208e-009             0
2006-04-04 12:00:00        1     0.2984321    0.04979414     -1.360584      25.19599     0.1027701      1.254612 -6.127985e-009             0
2006-04-05 12:00:00        1     0.3842973    0.04987137      -1.35828      25.15332     0.4076189      1.254429 -7.061413e-009 1.578872e-008
2006-04-06 12:00:00        1     0.3780805    0.04981026     -1.359329      25.17276      0.484517      1.253858  -8.18191e-009 1.783054e-008
2006-04-07 12:00:00        1     0.4159574    0.05033369     -1.346032      24.92651     0.8512894      1.253566 -9.387135e-009 4.661506e-008
2006-04-08 12:00:00        1     0.4123732    0.05149255     -1.295105      23.98342      1.146157      1.231664  -1.08588e-008  8.48019e-008
2006-04-09 12:00:00        1     0.4556608    0.05316657      -1.21835      22.56204      1.184779      1.192235 -1.233764e-008 1.914282e-007
2006-04-10 12:00:00        1       0.41252    0.05052016     -1.229976      22.77734     0.5177634      1.150364 -1.264791e-008 3.572758e-008
2006-04-11 12:00:00        1     0.3836302    0.05083382     -1.201851       22.2565     0.8114467      1.129722 -1.352088e-008 4.568017e-008
2006-04-12 12:00:00        1     0.3951652    0.05034526      -1.19045      22.04537     0.7103408      1.109277  -1.39293e-008 4.271668e-008
2006-04-13 12:00:00        1      0.400664    0.05089135     -1.155324      21.39488     0.7103187        1.0876 -1.463575e-008 7.915785e-008
2006-04-14 12:00:00        1     0.2274166    0.04965923     -1.166156      21.59549     0.1324283      1.072414 -1.292499e-008             0
2006-04-15 12:00:00        1     0.2920621    0.04965158     -1.160564      21.49193      0.515114      1.067105 -1.171838e-008 3.163516e-008
2006-04-16 12:00:00        1     0.3929599     0.0511405     -1.125583      20.84413      1.308779       1.06348 -1.349254e-008 1.701074e-007
2006-04-17 12:00:00        1     0.4563169    0.05359122     -1.055281      19.54224      1.418915      1.040258 -1.528639e-008 2.231509e-007
2006-04-18 12:00:00        1     0.4020458    0.05065072     -1.075487      19.91643     0.4901611      1.008423 -1.538118e-008 2.105663e-008
2006-04-19 12:00:00        1     0.3613333    0.05176282     -1.033259      19.13442      1.513568     0.9871368 -1.768259e-008 1.733384e-007
2006-04-20 12:00:00        1     0.3106542    0.04996067     -1.045116      19.35401     0.9577028     0.9666559  -1.70475e-008 6.616276e-008
2006-04-21 12:00:00        1     0.2567003    0.04969428     -1.037668      19.21607     0.7833459     0.9549275 -1.609015e-008 3.539056e-008
2006-04-22 12:00:00        1     0.2781757     0.0495214     -1.031775      19.10694     0.5442343     0.9462025 -1.506884e-008 2.190911e-008
2006-04-23 12:00:00        1     0.1691292    0.04925331     -1.027898      19.03515     0.4477353     0.9375442 -1.280268e-008 3.449976e-009
2006-04-24 12:00:00        1     0.1779683    0.04926671     -1.020768      18.90311     0.8000235     0.9312903 -1.042969e-008 1.519797e-008
2006-04-25 12:00:00        1     0.1910943    0.04935428     -1.015953      18.81394     0.5585227     0.9285446 -8.788944e-009 1.353777e-008
2006-04-26 12:00:00        1     0.2066088    0.04943861     -1.012088      18.74236     0.7218632     0.9265935 -8.758004e-009  1.83037e-008
2006-04-27 12:00:00        1     0.2082687    0.04946502     -1.008848      18.68237     0.6771067     0.9241217 -8.972071e-009 1.769738e-008
2006-04-28 12:00:00        1     0.2767671    0.04904969     -1.018889      18.86831      2.099311     0.9246825 -1.203235e-008 1.858833e-007
2006-04-29 12:00:00        1     0.1596341    0.04919711     -1.018002      18.85189     0.3659478      0.927458 -8.568578e-009             0
2006-04-30 12:00:00        1     0.2350061     0.0494362     -1.011881      18.73853     0.5989542     0.9263609 -7.907226e-009 3.109169e-008
2006-05-01 12:00:00        1     0.1443597    0.04937733      -1.01133      18.72833     0.2752933     0.9247536 -6.479858e-009             0
2006-05-02 12:00:00        1     0.1344105    0.04949993     -1.009093      18.68691     0.2893524         0.925 -2.779534e-009             0
2006-05-03 12:00:00        1     0.1559373    0.04971574     -1.008377      18.67364     0.6635337     0.9283716 -1.429194e-009 9.385286e-008
2006-05-04 12:00:00        1     0.3157541     0.0499645     -1.004376      18.59955      2.561747     0.9293126 -7.918253e-009 4.926514e-007
2006-05-05 12:00:00        1     0.2901179    0.04955536     -1.011831       18.7376      1.196672      0.927689  -9.88443e-009 5.123753e-009
2006-05-06 12:00:00        1     0.2805416    0.04977601     -1.000463       18.5271     0.2011529     0.9222056 -1.025835e-008 1.290397e-009
2006-05-07 12:00:00        1     0.2820288    0.04989157    -0.9940138      18.40766      2.169881      0.916416 -1.441114e-008 1.765737e-007
2006-05-08 12:00:00        1     0.2970725    0.05000483    -0.9779694      18.11054      3.825002     0.9052567 -1.664929e-008  2.28017e-007
2006-05-09 12:00:00        1     0.2410242    0.04967572    -0.9752007      18.05927      2.718186     0.8948514 -1.507816e-008  1.10008e-007
2006-05-10 12:00:00        1     0.2694168    0.04968209    -0.9627796      17.82925      2.807581     0.8846304 -1.433514e-008 1.338301e-007
2006-05-11 12:00:00        1     0.2726017     0.0497696    -0.9522539      17.63433      3.361085     0.8757167 -1.598732e-008 1.756438e-007
2006-05-12 12:00:00        1     0.3518622    0.05266464    -0.8956051      16.58528      3.782144     0.8708098 -1.920108e-008  3.04867e-007
2006-05-13 12:00:00        1     0.3694454    0.05543398    -0.8462401      15.67111      5.314632     0.8629699 -2.384764e-008 2.687552e-007
2006-05-14 12:00:00        1      0.409181    0.05988959    -0.7752312      14.35613      20.00073     0.8398721  -3.84444e-008 3.282254e-007
2006-05-15 12:00:00        1     0.3813993    0.06480311    -0.7269971      13.46291      89.99243     0.8144814 -8.264612e-008 3.742974e-007
2006-05-16 12:00:00        1     0.1769613    0.07620652    -0.5872042      10.35975      64.76459      2.565818 -2.119823e-007             0
2006-05-17 12:00:00        1     0.1686151    0.08022249    -0.6032852      10.65755      70.07135       2.58056 -2.362042e-007             0
2006-05-18 12:00:00        1      0.145672     0.1029811     -0.614198      10.85963      69.66705       2.86678 -2.395863e-007             0
2006-05-19 12:00:00        1     0.1358623     0.1174474    -0.5759203      10.15079      43.11967      2.996182  -1.62502e-007             0
2006-05-20 12:00:00        1     0.1143403     0.1196875    -0.5767855      10.68121      53.61741      1.246417 -2.055702e-007             0
2006-05-21 12:00:00        1     0.0915544     0.1163166    -0.5451663      8.552463       68.4776      6.503234  -1.95614e-007             0
2006-05-22 12:00:00        1    0.08611716     0.1215735    -0.5811203      10.24708      83.52107      3.003876 -2.856512e-007             0
2006-05-23 12:00:00        1    0.04931559     0.1263072    -0.5449778      9.577779      87.39582      3.034911 -3.210583e-007             0
2006-05-24 12:00:00        1    0.02582063     0.1024472    -0.6725772      10.39752      159.3661        8.3441 -2.685397e-007             0
2006-05-25 12:00:00        0             0             0          -0.5             0      280.1491            32              0             0
2006-05-26 12:00:00        0             0             0          -0.5             0      246.6984            32              0             0
2006-05-27 12:00:00        0             0             0          -0.5             0      253.0086            32              0             0
2006-05-28 12:00:00        0             0             0          -0.5             0      255.5509            32              0             0
2006-05-29 12:00:00        0             0             0          -0.5             0      180.7068            32              0             0
2006-05-30 12:00:00        0             0             0          -0.5             0      229.8483            32              0             0
2006-05-31 12:00:00        0             0             0          -0.5             0      250.9718            32              0             0
2006-06-01 12:00:00        0             0             0          -0.5             0      276.3752            32              0             0
2006-06-02 12:00:00        0             0             0          -0.5             0      254.5349            32              0             0
2006-06-03 12:00:00        0             0             0          -0.5             0      276.8347            32              0             0
2006-06-04 12:00:00        0             0             0          -0.5             0      285.0323            32              0             0
2006-06-05 12:00:00        0             0             0          -0.5             0      196.1947            32              0             0
2006-06-06 12:00:00        0             0             0          -0.5             0      165.3243            32              0             0
2006-06-07 12:00:00        0             0             0          -0.5             0      164.8823            32              0             0
2006-06-08 12:00:00        0             0             0          -0.5             0      285.8496            32              0             0
2006-06-09 12:00:00        0             0             0          -0.5             0       307.042            32              0             0
2006-06-10 12:00:00        0             0             0          -0.5             0      322.3946            32              0             0
2006-06-11 12:00:00        0             0             0          -0.5             0      261.4609            32              0             0
2006-06-12 12:00:00        0             0             0          -0.5             0      182.4303            32              0             0
2006-06-13 12:00:00        0             0             0          -0.5             0      262.1818            32              0             0
2006-06-14 12:00:00        0             0             0          -0.5             0      297.3971            32              0             0
2006-06-15 12:00:00        0             0             0          -0.5             0      234.7855            32              0             0
2006-06-16 12:00:00        0             0             0          -0.5             0      203.0482            32              0             0
2006-06-17 12:00:00        0             0             0          -0.5             0      243.4625            32              0             0
2006-06-18 12:00:00        0             0             0          -0.5             0      222.9862            32              0             0
2006-06-19 12:00:00        0             0             0          -0.5             0      185.6065            32              0             0
2006-06-20 12:00:00        0             0             0          -0.5             0      187.5837            32              0             0
2006-06-21 12:00:00        0             0             0          -0.5             0       239.738            32              0             0
2006-06-22 12:00:00        0             0             0          -0.5             0      271.0478            32              0             0
2006-06-23 12:00:00        0             0             0          -0.5             0      155.8431            32              0             0
2006-06-24 12:00:00        0             0             0          -0.5             0      255.5072            32              0             0
2006-06-25 12:00:00        0             0             0          -0.5             0       264.775            32              0             0
2006-06-26 12:00:00        0             0             0          -0.5             0      277.8197            32              0             0
2006-06-27 12:00:00        0             0             0          -0.5             0      277.8719            32              0             0
2006-06-28 12:00:00        0             0             0          -0.5             0      295.3018            32              0             0
2006-06-29 12:00:00        0             0             0          -0.5             0      285.2866            32              0             0
2006-06-30 12:00:00        0             0             0          -0.5             0      229.8483            32              0             0
2006-07-01 12:00:00        0             0             0          -0.5             0      276.3752            32              0             0
2006-07-02 12:00:00        0             0             0          -0.5             0      254.5349            32              0             0
2006-07-03 12:00:00        0             0             0          -0.5             0      276.8347            32              0             0
2006-07-04 12:00:00        0             0             0          -0.5             0      285.0323            32              0             0
2006-07-05 12:00:00        0             0             0          -0.5             0      196.1947            32              0             0
2006-07-06 12:00:00        0             0             0          -0.5             0      165.3243            32              0             0
2006-07-07 12:00:00        0             0             0          -0.5             0      164.8823            32              0             0
2006-07-08 12:00:00        0             0             0          -0.5             0      285.8496            32              0             0
2006-07-09 12:00:00        0             0             0          -0.5             0       307.042            32              0             0
2006-07-10 12:00:00        0             0             0          -0.5             0      322.3946            32              0             0
2006-07-11 12:00:00        0             0             0          -0.5             0      261.4609            32              0             0
2006-07-12 12:00:00        0             0             0          -0.5             0      182.4303            32              0             0
2006-07-13 12:00:00        0             0             0          -0.5             0      262.1818            32              0             0
2006-07-14 12:00:00        0             0             0          -0.5             0      297.3971            32              0             0
2006-07-15 12:00:00        0             0             0          -0.5             0      234.7855            32              0             0
2006-07-16 12:00:00        0             0             0          -0.5             0      203.0482            32              0             0
2006-07-17 12:00:00        0             0             0          -0.5             0      243.4625            32              0             0
2006-07-18 12:00:00        0             0             0          -0.5             0      222.9862            32              0             0
2006-07-19 12:00:00        0             0             0          -0.5             0      185.6065            32              0             0
2006-07-20 12:00:00        0             0             0          -0.5             0      187.5837            32              0             0
2006-07-21 12:00:00        0             0             0          -0.5             0       239.738            32              0             0
2006-07-22 12:00:00        0             0             0          -0.5             0      271.0478            32              0             0
2006-07-23 12:00:00        0             0             0          -0.5             0      155.8431            32              0             0
2006-07-24 12:00:00        0             0             0          -0.5             0      255.5072            32              0             0
2006-07-25 12:00:00        0             0             0          -0.5             0       264.775            32              0             0
2006-07-26 12:00:00        0             0             0          -0.5             0      277.8197            32              0             0
2006-07-27 12:00:00        0             0             0          -0.5             0      277.8719            32              0             0
2006-07-28 12:00:00        0             0             0          -0.5             0      295.3018            32              0             0
2006-07-29 12:00:00        0             0             0          -0.5             0      285.2866            32              0             0
2006-07-30 12:00:00        0             0             0          -0.5             0      229.8483            32              0             0
2006-07-31 12:00:00        0             0             0          -0.5             0      250.9718            32              0             0
2006-08-01 12:00:00        0             0             0          -0.5             0      276.3752            32              0             0
2006-08-02 12:00:00        0             0             0          -0.5             0      254.5349            32              0             0
2006-08-03 12:00:00        0             0             0          -0.5             0      276.8347            32              0             0
2006-08-04 12:00:00        0             0             0          -0.5             0      285.0323            32              0             0
2006-08-05 12:00:00        0             0             0          -0.5             0      196.1947            32              0             0
2006-08-06 12:00:00        0             0             0          -0.5             0      165.3243            32              0             0
2006-08-07 12:00:00        0             0             0          -0.5             0      164.8823            32              0             0
2006-08-08 12:00:00        0             0             0          -0.5             0      285.8496            32              0             0
2006-08-09 12:00:00        0             0             0          -0.5             0       307.042            32              0             0
2006-08-10 12:00:00        0             0             0          -0.5             0      322.3946            32              0             0
2006-08-11 12:00:00        0             0             0          -0.5             0      261.4609            32              0             0
2006-08-12 12:00:00        0             0             0          -0.5             0      182.4303            32              0             0
2006-08-13 12:00:00        0             0             0          -0.5             0      262.1818            32              0             0
2006-08-14 12:00:00        0             0             0          -0.5             0      297.3971            32              0             0
2006-08-15 12:00:00        0             0             0          -0.5             0      234.7855            32              0             0
2006-08-16 12:00:00        0             0             0          -0.5             0      203.0482            32              0             0
2006-08-17 12:00:00        0             0             0          -0.5             0      243.4625            32              0             0
2006-08-18 12:00:00        0             0             0          -0.5             0      222.9862            32              0             0
2006-08-19 12:00:00        0             0             0          -0.5             0      185.6065            32              0             0
2006-08-20 12:00:00        0             0             0          -0.5             0      187.5837            32              0             0
2006-08-21 12:00:00        0             0             0          -0.5             0       239.738            32              0             0
2006-08-22 12:00:00        0             0             0          -0.5             0      271.0478            32              0             0
2006-08-23 12:00:00        0             0             0          -0.5             0      155.8431            32              0             0
2006-08-24 12:00:00        0             0             0          -0.5             0      255.5072            32              0             0
2006-08-25 12:00:00        0             0             0          -0.5             0       264.775            32              0             0
2006-08-26 12:00:00        0             0             0          -0.5             0      277.8197            32              0             0
2006-08-27 12:00:00        0             0             0          -0.5             0      277.8719            32              0             0
2006-08-28 12:00:00        0             0             0          -0.5             0      295.3018            32              0             0
2006-08-29 12:00:00        0             0             0          -0.5             0      285.2866            32              0             0
2006-08-30 12:00:00        0             0             0          -0.5             0      229.8483            32              0             0
2006-08-31 12:00:00        0             0             0          -0.5             0      250.9718            32              0             0
2006-09-01 12:00:00        0             0             0          -0.5             0      276.3752            32              0             0
2006-09-02 12:00:00        0             0             0          -0.5             0      254.5349            32              0             0
2006-09-03 12:00:00        0             0             0          -0.5             0      276.8347            32              0             0
2006-09-04 12:00:00        0             0             0          -0.5             0      285.0323            32              0             0
2006-09-05 12:00:00        0             0             0          -0.5             0      196.1947            32              0             0
2006-09-06 12:00:00        0             0             0          -0.5             0      165.3243            32              0             0
2006-09-07 12:00:00        0             0             0          -0.5             0      164.8823            32              0             0
2006-09-08 12:00:00        0             0             0          -0.5             0      285.8496            32              0             0
2006-09-09 12:00:00        0             0             0          -0.5             0       307.042            32              0             0
2006-09-10 12:00:00        0             0             0          -0.5             0      322.3946            32              0             0
2006-09-11 12:00:00        0             0             0          -0.5             0      261.4609            32              0             0
2006-09-12 12:00:00        0             0             0          -0.5             0      182.4303            32              0             0
2006-09-13 12:00:00        0             0             0          -0.5             0      262.1818            32              0             0
2006-09-14 12:00:00        0             0             0          -0.5             0      297.3971            32              0             0
2006-09-15 12:00:00        0             0             0          -0.5             0      234.7855            32              0             0
2006-09-16 12:00:00        0             0             0          -0.5             0      203.0482            32              0             0
2006-09-17 12:00:00        0             0             0          -0.5             0      243.4625            32              0             0
2006-09-18 12:00:00        0             0             0          -0.5             0      222.9862            32              0             0
2006-09-19 12:00:00        0             0             0          -0.5             0      185.6065            32              0             0
2006-09-20 12:00:00        0             0             0          -0.5             0      187.5837            32              0             0
2006-09-21 12:00:00        0             0             0          -0.5             0       239.738            32              0             0
2006-09-22 12:00:00        0             0             0          -0.5             0      271.0478            32              0             0
2006-09-23 12:00:00        0             0             0          -0.5             0      155.8431            32              0             0
2006-09-24 12:00:00        0             0             0          -0.5             0      255.5072            32              0             0
2006-09-25 12:00:00        0             0             0          -0.5             0       264.775            32              0             0
2006-09-26 12:00:00        0             0             0          -0.5             0      277.8197            32              0             0
2006-09-27 12:00:00        0             0             0          -0.5             0      277.8719            32              0             0
2006-09-28 12:00:00        0             0             0          -0.5             0      295.3018            32              0             0
2006-09-29 12:00:00        0             0             0          -0.5             0      285.2866            32              0             0
2006-09-30 12:00:00        0             0             0          -0.5             0      285.2866            32              0             0